points=200000
elapsed_s=192.68
writes_per_s=1038.00
failed_posts=62292
start=2025-10-07T05:34:59.2270192+00:00
end=2025-10-07T05:38:11.9058934+00:00
